[[[ 90 310]]

 [[ 76 304]]

 [[  0 375]]

 [[ 77 304]]]
[[[190 131]]

 [[ 68 262]]

 [[  0 321]]

 [[ 38 293]]]
[[[190 131]]

 [[ 68 262]]

 [[  0 321]]

 [[ 39 292]]]
[[[190 129]]

 [[ 68 262]]

 [[  0 321]]

 [[ 68 263]]]
[[[192 130]]

 [[ 36 294]]

 [[  0 321]]

 [[ 37 294]]]
[[[578 260]]

 [[613 268]]

 [[639 271]]

 [[613 268]]]
[[[199 123]]

 [[ 36 294]]

 [[  0 321]]

 [[ 37 294]]]
[[[246  25]]

 [[261  95]]

 [[264 152]]

 [[261  95]]]
[[[116  19]]

 [[122  40]]

 [[137  74]]

 [[122  39]]]
[[[563 354]]

 [[580 360]]

 [[639 371]]

 [[580 360]]]
[[[ 87 230]]

 [[ 79 233]]

 [[  0 241]]

 [[ 79 233]]]
[[[538 275]]

 [[570 327]]

 [[606 479]]

 [[571 330]]]
[[[603 477]]

 [[511 192]]

 [[  0 258]]

 [[509 192]]]
[[[518 125]]

 [[570 145]]

 [[639 163]]

 [[570 145]]]
[[[486 112]]

 [[528 131]]

 [[570 140]]

 [[538 134]]]
[[[453 107]]

 [[504 131]]

 [[624 143]]

 [[504 131]]]
[[[503   4]]

 [[558  33]]

 [[639  54]]

 [[561  34]]]
[[[623   0]]

 [[619  31]]

 [[620  54]]

 [[619  31]]]
[[[490 330]]

 [[432  79]]

 [[  0 115]]

 [[432  79]]]
[[[310 397]]

 [[308 386]]

 [[176 391]]

 [[177 401]]]
[[[  0  87]]

 [[531 127]]

 [[581 479]]

 [[532 127]]]
[[[612 257]]

 [[623 292]]

 [[638 401]]

 [[623 292]]]
[[[124  22]]

 [[137  88]]

 [[144 108]]

 [[137  88]]]
[[[111 124]]

 [[ 76 171]]

 [[  0 249]]

 [[ 76 172]]]
[[[153 297]]

 [[188 335]]

 [[217 376]]

 [[188 334]]]
[[[476 139]]

 [[496 177]]

 [[514 231]]

 [[496 176]]]
[[[566 316]]

 [[609 413]]

 [[622 428]]

 [[627 443]]]
[[[360 282]]

 [[381 323]]

 [[425 474]]

 [[381 323]]]
[[[637 395]]

 [[626 395]]

 [[553 424]]

 [[627 395]]]
[[[441 401]]

 [[424 406]]

 [[355 445]]

 [[425 406]]]
[[[512 116]]

 [[471 134]]

 [[297 181]]

 [[471 134]]]
[[[212 399]]

 [[264 412]]

 [[277 411]]

 [[264 412]]]
[[[320 450]]

 [[305 457]]

 [[198 477]]

 [[305 457]]]
[[[320 450]]

 [[305 457]]

 [[198 477]]

 [[305 457]]]
[[[105 393]]

 [[ 58 406]]

 [[ 16 424]]

 [[ 58 406]]]
[[[166 455]]

 [[151 458]]

 [[105 478]]

 [[152 458]]]
[[[639 187]]

 [[610 198]]

 [[574 217]]

 [[606 200]]]
[[[639 187]]

 [[610 198]]

 [[574 217]]

 [[606 200]]]
[[[603 175]]

 [[598 181]]

 [[521 222]]

 [[599 181]]]
[[[462 189]]

 [[436 201]]

 [[386 231]]

 [[427 206]]]
[[[462 189]]

 [[436 201]]

 [[386 231]]

 [[427 206]]]
[[[639 396]]

 [[500 420]]

 [[342 478]]

 [[500 420]]]
[[[308 359]]

 [[232 388]]

 [[177 401]]

 [[232 388]]]
[[[577  53]]

 [[578  52]]

 [[579  53]]

 [[578  54]]]
[[[103  87]]

 [[101  90]]

 [[ 64 116]]

 [[102  90]]]
[[[103  87]]

 [[101  90]]

 [[ 64 116]]

 [[102  90]]]
[[[346 182]]

 [[338 214]]

 [[344 479]]

 [[338 214]]]
[[[355 115]]

 [[335 142]]

 [[347 479]]

 [[335 142]]]
[[[278  31]]

 [[284 384]]

 [[297 404]]

 [[284 380]]]
[[[632 157]]

 [[613 193]]

 [[579 244]]

 [[613 194]]]
[[[401  24]]

 [[486 440]]

 [[454 426]]

 [[486 445]]]
[[[281 185]]

 [[277 252]]

 [[272 270]]

 [[277 252]]]
[[[592 272]]

 [[558 307]]

 [[557 311]]

 [[546 323]]]
[[[639 101]]

 [[400 466]]

 [[446 474]]

 [[400 464]]]
[[[638 114]]

 [[411 460]]

 [[451 467]]

 [[409 458]]]
[[[627 154]]

 [[431 440]]

 [[479 449]]

 [[432 436]]]
[[[638 164]]

 [[440 438]]

 [[493 449]]

 [[441 434]]]
[[[223  50]]

 [[218 139]]

 [[216 117]]

 [[219  55]]]
[[[ 43 193]]

 [[ 68 220]]

 [[100 272]]

 [[ 70 222]]]
[[[114  31]]

 [[ 52  73]]

 [[ 36  89]]

 [[ 53  73]]]
[[[406 225]]

 [[375 273]]

 [[364 284]]

 [[375 274]]]
[[[149   0]]

 [[ 97  34]]

 [[ 80  51]]

 [[ 98  34]]]
[[[570 105]]

 [[564 104]]

 [[506 157]]

 [[565 104]]]
[[[175   0]]

 [[214  36]]

 [[229  57]]

 [[214  35]]]
[[[462  94]]

 [[459  95]]

 [[442 178]]

 [[458  99]]]
[[[639 403]]

 [[479 416]]

 [[418 431]]

 [[479 416]]]
[[[449 160]]

 [[369 197]]

 [[303 218]]

 [[372 196]]]
[[[285 100]]

 [[  0 210]]

 [[280  98]]

 [[286 134]]]
[[[ 65  76]]

 [[ 82  74]]

 [[146  82]]

 [[ 82  74]]]
[[[251 313]]

 [[342 350]]

 [[403 383]]

 [[343 350]]]
[[[456   0]]

 [[518  16]]

 [[526  16]]

 [[519  16]]]
[[[282 126]]

 [[419 155]]

 [[631 225]]

 [[419 155]]]
[[[134  19]]

 [[122  22]]

 [[109  28]]

 [[ 96  32]]]
[[[150  82]]

 [[ 74  95]]

 [[ 22 111]]

 [[ 74  95]]]
[[[247  59]]

 [[137  82]]

 [[ 69 104]]

 [[137  82]]]
[[[344 430]]

 [[293 434]]

 [[264 439]]

 [[293 434]]]
[[[429 300]]

 [[544 360]]

 [[594 395]]

 [[545 360]]]
[[[256  50]]

 [[417 128]]

 [[458 159]]

 [[418 128]]]
[[[271 315]]

 [[458 478]]

 [[465 451]]

 [[457 477]]]
[[[102 174]]

 [[ 57 202]]

 [[  3 246]]

 [[ 59 201]]]
[[[100 414]]

 [[101 413]]

 [[102 414]]

 [[101 415]]]
[[[400 406]]

 [[459 437]]

 [[472 450]]

 [[460 437]]]
[[[459 448]]

 [[469 443]]

 [[518 478]]

 [[468 442]]]
[[[514   1]]

 [[577  27]]

 [[591  29]]

 [[578  27]]]
[[[582  11]]

 [[449  61]]

 [[453  63]]

 [[456  57]]]
[[[516 445]]

 [[531 468]]

 [[536 479]]

 [[535 474]]]
[[[639  77]]

 [[534 109]]

 [[443 164]]

 [[535 109]]]
[[[444 131]]

 [[379 155]]

 [[304 201]]

 [[364 163]]]
[[[193 355]]

 [[ 83 442]]

 [[ 11 468]]

 [[ 84 442]]]
[[[202 341]]

 [[ 76 443]]

 [[  0 470]]

 [[ 78 442]]]
[[[411 182]]

 [[489 172]]

 [[574 181]]

 [[489 172]]]
[[[253 298]]

 [[266 304]]

 [[415 479]]

 [[266 303]]]
[[[531 163]]

 [[617 248]]

 [[639 263]]

 [[618 248]]]
[[[189 233]]

 [[227 258]]

 [[413 479]]

 [[227 257]]]
[[[ 67 184]]

 [[ 36 194]]

 [[  0 214]]

 [[ 37 194]]]
[[[245 180]]

 [[148 172]]

 [[ 30 196]]

 [[148 172]]]
[[[349 273]]

 [[439 378]]

 [[342 479]]

 [[440 376]]]
[[[437 379]]

 [[403 407]]

 [[361 452]]

 [[405 406]]]
[[[538 368]]

 [[571 361]]

 [[639 367]]

 [[571 361]]]
[[[204 219]]

 [[327 314]]

 [[419 401]]

 [[328 314]]]
[[[639 361]]

 [[535 358]]

 [[454 384]]

 [[535 358]]]
[[[639 360]]

 [[559 358]]

 [[507 375]]

 [[559 358]]]
[[[76  1]]

 [[20  6]]

 [[ 0 13]]

 [[20  6]]]
[[[639 352]]

 [[600 358]]

 [[555 374]]

 [[600 358]]]
[[[124   0]]

 [[ 68   8]]

 [[ 53   5]]

 [[ 68   8]]]
[[[357 202]]

 [[566 385]]

 [[628 379]]

 [[567 385]]]
[[[319 185]]

 [[456 286]]

 [[563 388]]

 [[457 286]]]
[[[  0 320]]

 [[ 32 327]]

 [[181 479]]

 [[ 34 328]]]
[[[154   0]]

 [[113   6]]

 [[ 91   4]]

 [[113   6]]]
[[[139 391]]

 [[129 377]]

 [[  0 403]]

 [[128 377]]]
[[[153 278]]

 [[134 281]]

 [[ 62 312]]

 [[ 67 314]]]
[[[458  94]]

 [[379 115]]

 [[283 170]]

 [[382 114]]]
[[[488  94]]

 [[414 109]]

 [[350 139]]

 [[414 109]]]
[[[507 270]]

 [[494 248]]

 [[381 262]]

 [[391 287]]]
[[[508 268]]

 [[497 247]]

 [[383 260]]

 [[392 285]]]
[[[508 269]]

 [[496 247]]

 [[383 261]]

 [[394 286]]]
[[[509 267]]

 [[496 246]]

 [[383 260]]

 [[394 285]]]
[[[508 267]]

 [[498 246]]

 [[383 259]]

 [[392 284]]]
[[[508 267]]

 [[498 246]]

 [[383 259]]

 [[392 284]]]
[[[509 267]]

 [[497 246]]

 [[383 260]]

 [[394 285]]]
[[[508 266]]

 [[393 284]]

 [[383 260]]

 [[496 246]]]
[[[509 266]]

 [[497 245]]

 [[382 259]]

 [[391 284]]]
[[[509 266]]

 [[497 245]]

 [[382 259]]

 [[391 284]]]
[[[508 269]]

 [[497 247]]

 [[382 261]]

 [[391 286]]]
[[[508 268]]

 [[392 286]]

 [[382 262]]

 [[496 247]]]
[[[508 268]]

 [[392 286]]

 [[382 262]]

 [[496 247]]]
[[[511 268]]

 [[497 247]]

 [[382 261]]

 [[391 286]]]
[[[508 269]]

 [[495 247]]

 [[382 261]]

 [[393 287]]]
[[[492 267]]

 [[478 246]]

 [[363 261]]

 [[372 286]]]
[[[493 266]]

 [[479 245]]

 [[364 259]]

 [[373 285]]]
[[[493 266]]

 [[479 245]]

 [[364 259]]

 [[373 285]]]
[[[490 263]]

 [[479 241]]

 [[364 255]]

 [[374 282]]]
[[[490 260]]

 [[375 280]]

 [[364 255]]

 [[477 239]]]
[[[490 260]]

 [[375 280]]

 [[364 255]]

 [[477 239]]]
[[[490 263]]

 [[376 283]]

 [[364 256]]

 [[477 240]]]
[[[490 265]]

 [[479 243]]

 [[364 257]]

 [[375 284]]]
[[[490 265]]

 [[479 243]]

 [[364 257]]

 [[375 284]]]
[[[490 262]]

 [[374 281]]

 [[364 257]]

 [[477 241]]]
[[[491 264]]

 [[478 243]]

 [[364 258]]

 [[374 283]]]
[[[491 264]]

 [[478 243]]

 [[364 258]]

 [[374 283]]]
[[[490 264]]

 [[375 283]]

 [[364 258]]

 [[478 243]]]
[[[491 264]]

 [[479 243]]

 [[364 258]]

 [[375 283]]]
[[[491 264]]

 [[479 243]]

 [[364 258]]

 [[375 283]]]
[[[494 263]]

 [[479 243]]

 [[364 258]]

 [[375 283]]]
[[[494 263]]

 [[479 243]]

 [[364 258]]

 [[375 283]]]
[[[494 263]]

 [[479 243]]

 [[364 258]]

 [[375 283]]]
[[[490 265]]

 [[479 243]]

 [[364 258]]

 [[375 283]]]
[[[494 263]]

 [[479 243]]

 [[364 258]]

 [[375 283]]]
[[[490 265]]

 [[479 243]]

 [[364 258]]

 [[375 283]]]
[[[491 264]]

 [[479 243]]

 [[364 258]]

 [[375 283]]]
[[[491 264]]

 [[479 243]]

 [[364 258]]

 [[375 283]]]
[[[491 264]]

 [[479 243]]

 [[364 258]]

 [[375 283]]]
[[[491 264]]

 [[479 243]]

 [[364 258]]

 [[375 283]]]
[[[494 264]]

 [[479 243]]

 [[364 258]]

 [[375 283]]]
[[[494 264]]

 [[479 243]]

 [[364 258]]

 [[375 283]]]
[[[490 265]]

 [[479 243]]

 [[364 258]]

 [[375 283]]]
[[[491 264]]

 [[479 243]]

 [[364 258]]

 [[375 283]]]
[[[494 263]]

 [[479 243]]

 [[364 258]]

 [[375 283]]]
[[[491 264]]

 [[479 243]]

 [[364 258]]

 [[375 283]]]
[[[491 264]]

 [[479 243]]

 [[364 258]]

 [[375 283]]]
[[[491 264]]

 [[479 243]]

 [[364 258]]

 [[375 283]]]
[[[491 264]]

 [[479 243]]

 [[364 258]]

 [[375 283]]]
[[[490 265]]

 [[479 243]]

 [[364 258]]

 [[375 283]]]
[[[490 265]]

 [[479 243]]

 [[364 258]]

 [[375 283]]]
[[[633 255]]

 [[619 230]]

 [[499 240]]

 [[512 267]]]
[[[77  0]]

 [[84 62]]

 [[90 77]]

 [[84 62]]]
[[[635 334]]

 [[544 263]]

 [[371 277]]

 [[544 263]]]
[[[639 321]]

 [[585 291]]

 [[490 297]]

 [[585 291]]]
[[[639 321]]

 [[585 291]]

 [[490 297]]

 [[585 291]]]
[[[639 301]]

 [[342 321]]

 [[331 332]]

 [[353 320]]]
[[[639 374]]

 [[436 389]]

 [[414 405]]

 [[436 389]]]
[[[639 403]]

 [[417 420]]

 [[390 439]]

 [[418 420]]]
[[[401   1]]

 [[307  15]]

 [[281  43]]

 [[310  14]]]
[[[458 445]]

 [[384 451]]

 [[354 478]]

 [[385 451]]]
[[[426   1]]

 [[400  14]]

 [[303  24]]

 [[400  14]]]
[[[426   1]]

 [[400  14]]

 [[303  24]]

 [[400  14]]]
[[[243 116]]

 [[232 121]]

 [[159 130]]

 [[179 123]]]
[[[318 140]]

 [[314 149]]

 [[ 51 154]]

 [[315 149]]]
[[[95 17]]

 [[91 26]]

 [[ 0 29]]

 [[92 26]]]
[[[95 17]]

 [[91 26]]

 [[ 0 29]]

 [[92 26]]]
[[[290 413]]

 [[406 442]]

 [[470 446]]

 [[406 442]]]
[[[220 404]]

 [[284 420]]

 [[319 424]]

 [[284 420]]]
[[[220 404]]

 [[284 420]]

 [[319 424]]

 [[284 420]]]
[[[446 361]]

 [[484 387]]

 [[490 388]]

 [[486 388]]]
[[[446 361]]

 [[484 387]]

 [[490 388]]

 [[486 388]]]
[[[161 415]]

 [[154 410]]

 [[156 418]]

 [[  3 478]]]
[[[458 349]]

 [[298 369]]

 [[232 395]]

 [[298 369]]]
[[[172 429]]

 [[167 433]]

 [[105 459]]

 [[143 444]]]
[[[172 429]]

 [[167 433]]

 [[105 459]]

 [[143 444]]]
[[[424   0]]

 [[422 278]]

 [[436 299]]

 [[422 278]]]
[[[374 356]]

 [[373 426]]

 [[362 479]]

 [[373 426]]]
[[[374 356]]

 [[373 426]]

 [[362 479]]

 [[373 426]]]
[[[319 197]]

 [[346 252]]

 [[367 309]]

 [[346 251]]]
[[[243  75]]

 [[255  88]]

 [[318 195]]

 [[285 135]]]
[[[185  22]]

 [[239  80]]

 [[247  92]]

 [[239  79]]]
[[[185  22]]

 [[239  80]]

 [[247  92]]

 [[239  79]]]
[[[201   7]]

 [[225  20]]

 [[256  44]]

 [[226  20]]]
[[[254   0]]

 [[256   3]]

 [[314  27]]

 [[257   3]]]
[[[ 31 409]]

 [[114 442]]

 [[414 477]]

 [[114 442]]]
[[[155   8]]

 [[181   1]]

 [[410  18]]

 [[181   1]]]
[[[155   8]]

 [[181   1]]

 [[410  18]]

 [[181   1]]]
[[[127   8]]

 [[103   8]]

 [[ 56  95]]

 [[103   9]]]
[[[170 135]]

 [[ 98 224]]

 [[ 34 287]]

 [[ 98 225]]]
[[[423   0]]

 [[377  72]]

 [[  0 377]]

 [[378  72]]]
[[[284 196]]

 [[234 226]]

 [[ 44 399]]

 [[232 228]]]
[[[409 124]]

 [[329 211]]

 [[  0 471]]

 [[402 149]]]
[[[397 284]]

 [[421 311]]

 [[437 322]]

 [[422 311]]]
[[[397 284]]

 [[421 311]]

 [[437 322]]

 [[422 311]]]
[[[485   0]]

 [[448 130]]

 [[  0 216]]

 [[449 130]]]
[[[485   0]]

 [[448 130]]

 [[  0 216]]

 [[449 130]]]
[[[497 325]]

 [[525 350]]

 [[560 391]]

 [[525 349]]]
[[[ 89 334]]

 [[114 342]]

 [[180 373]]

 [[117 343]]]
[[[ 89 334]]

 [[114 342]]

 [[180 373]]

 [[117 343]]]
[[[599  19]]

 [[271 422]]

 [[239 411]]

 [[271 423]]]
[[[598  24]]

 [[244 446]]

 [[  0 308]]

 [[247 445]]]
[[[570  55]]

 [[239 448]]

 [[  0 313]]

 [[240 448]]]
[[[570  54]]

 [[421   1]]

 [[571  56]]

 [[325 362]]]
[[[639  58]]

 [[338 429]]

 [[ 58 243]]

 [[338 430]]]
[[[436   0]]

 [[627  99]]

 [[362 479]]

 [[627  99]]]
[[[340  28]]

 [[ 91 337]]

 [[359 472]]

 [[553 112]]]
[[[338  21]]

 [[ 88 328]]

 [[356 462]]

 [[550 105]]]
[[[333  14]]

 [[ 83 324]]

 [[350 458]]

 [[544  98]]]
[[[327  13]]

 [[ 78 325]]

 [[345 456]]

 [[538  98]]]
[[[319  14]]

 [[ 73 327]]

 [[340 455]]

 [[529  95]]]
[[[314  16]]

 [[ 71 329]]

 [[336 454]]

 [[524  97]]]
[[[310  19]]

 [[ 67 330]]

 [[330 453]]

 [[517  96]]]
[[[304  23]]

 [[ 63 332]]

 [[324 454]]

 [[509 100]]]
[[[300  30]]

 [[ 66 337]]

 [[324 458]]

 [[506 108]]]
[[[303  37]]

 [[ 68 342]]

 [[323 461]]

 [[505 112]]]
[[[300  42]]

 [[ 66 343]]

 [[320 461]]

 [[502 117]]]
[[[299  43]]

 [[ 65 340]]

 [[319 458]]

 [[501 118]]]
[[[298  41]]

 [[ 64 337]]

 [[316 456]]

 [[500 116]]]
[[[298  38]]

 [[ 63 333]]

 [[317 453]]

 [[500 113]]]
[[[297  35]]

 [[ 62 332]]

 [[318 452]]

 [[500 109]]]
[[[300  32]]

 [[ 64 333]]

 [[318 452]]

 [[502 107]]]
[[[299  31]]

 [[ 62 329]]

 [[319 451]]

 [[503 106]]]
[[[299  29]]

 [[ 62 330]]

 [[319 450]]

 [[504 104]]]
[[[298  27]]

 [[ 60 330]]

 [[318 451]]

 [[503 103]]]
[[[301  29]]

 [[ 66 329]]

 [[322 450]]

 [[506 105]]]
[[[307  28]]

 [[ 68 328]]

 [[323 449]]

 [[509 105]]]
[[[308  29]]

 [[ 71 328]]

 [[326 450]]

 [[510 106]]]
[[[310  30]]

 [[ 75 325]]

 [[331 450]]

 [[514 107]]]
[[[324  32]]

 [[ 90 329]]

 [[345 453]]

 [[528 110]]]
[[[331  33]]

 [[ 95 329]]

 [[349 456]]

 [[532 111]]]
[[[335  35]]

 [[ 99 331]]

 [[352 455]]

 [[536 113]]]
[[[336  32]]

 [[101 323]]

 [[355 448]]

 [[541 109]]]
[[[340  24]]

 [[ 99 320]]

 [[353 445]]

 [[542 102]]]
[[[338  22]]

 [[ 96 322]]

 [[349 448]]

 [[541 101]]]
[[[334  23]]

 [[ 92 323]]

 [[346 448]]

 [[539 101]]]
[[[331  21]]

 [[ 88 320]]

 [[343 446]]

 [[537  98]]]
[[[332  17]]

 [[ 85 317]]

 [[341 443]]

 [[536  95]]]
[[[329  13]]

 [[ 84 312]]

 [[342 441]]

 [[536  92]]]
[[[331  10]]

 [[ 87 311]]

 [[344 438]]

 [[539  88]]]
[[[333   6]]

 [[ 87 308]]

 [[344 436]]

 [[541  86]]]
[[[333   6]]

 [[ 86 308]]

 [[342 437]]

 [[540  86]]]
[[[334   6]]

 [[ 86 306]]

 [[342 434]]

 [[539  87]]]
[[[336   5]]

 [[ 88 304]]

 [[344 434]]

 [[541  87]]]
[[[337   6]]

 [[ 90 304]]

 [[345 434]]

 [[543  88]]]
[[[337   6]]

 [[ 88 304]]

 [[342 434]]

 [[543  88]]]
[[[335   5]]

 [[ 83 300]]

 [[338 433]]

 [[539  87]]]
[[[332   2]]

 [[ 82 297]]

 [[339 430]]

 [[537  83]]]
[[[331   0]]

 [[ 83 299]]

 [[338 430]]

 [[ 84 299]]]
[[[334   0]]

 [[ 86 299]]

 [[341 431]]

 [[541  83]]]
[[[333   2]]

 [[ 85 300]]

 [[341 431]]

 [[540  85]]]
[[[334   3]]

 [[ 87 300]]

 [[342 432]]

 [[541  89]]]
[[[342   4]]

 [[ 87 296]]

 [[339 431]]

 [[542  91]]]
[[[337   3]]

 [[ 84 294]]

 [[335 430]]

 [[539  91]]]
[[[337   3]]

 [[ 84 293]]

 [[332 429]]

 [[538  91]]]
[[[333   4]]

 [[ 83 296]]

 [[336 430]]

 [[537  89]]]
[[[337   5]]

 [[ 81 294]]

 [[331 430]]

 [[536  90]]]
[[[334   4]]

 [[ 78 295]]

 [[331 430]]

 [[533  93]]]
[[[334   3]]

 [[ 78 291]]

 [[331 429]]

 [[533  91]]]
[[[333   2]]

 [[ 76 291]]

 [[329 429]]

 [[532  91]]]
[[[327   1]]

 [[ 76 295]]

 [[330 428]]

 [[531  87]]]
[[[331   1]]

 [[ 75 290]]

 [[324 427]]

 [[531  87]]]
[[[326   0]]

 [[ 74 290]]

 [[326 428]]

 [[530  90]]]
[[[328   2]]

 [[ 73 291]]

 [[322 429]]

 [[528  89]]]
[[[328   5]]

 [[ 72 294]]

 [[320 431]]

 [[526  95]]]
[[[325   7]]

 [[ 70 298]]

 [[318 432]]

 [[524  97]]]
[[[326   9]]

 [[ 70 295]]

 [[318 433]]

 [[523  98]]]
[[[329   7]]

 [[ 73 294]]

 [[320 430]]

 [[527  95]]]
[[[331   7]]

 [[ 75 294]]

 [[322 431]]

 [[529  98]]]
[[[333   8]]

 [[ 76 293]]

 [[323 434]]

 [[530 100]]]
[[[334  11]]

 [[ 77 296]]

 [[324 437]]

 [[530 102]]]
[[[333  14]]

 [[ 78 300]]

 [[326 441]]

 [[531 106]]]
[[[334  18]]

 [[ 76 304]]

 [[326 444]]

 [[530 109]]]
[[[331  20]]

 [[ 76 305]]

 [[326 445]]

 [[528 111]]]
[[[331  21]]

 [[ 77 306]]

 [[324 446]]

 [[529 112]]]
[[[333  24]]

 [[ 77 310]]

 [[322 450]]

 [[529 115]]]
[[[329  28]]

 [[ 75 313]]

 [[321 452]]

 [[526 119]]]
[[[329  29]]

 [[ 77 313]]

 [[323 452]]

 [[527 117]]]
[[[331  30]]

 [[ 79 315]]

 [[327 456]]

 [[528 122]]]
[[[331  34]]

 [[ 78 322]]

 [[325 459]]

 [[528 125]]]
[[[333  37]]

 [[ 78 320]]

 [[324 460]]

 [[527 127]]]
[[[330  37]]

 [[ 78 320]]

 [[325 460]]

 [[527 128]]]
[[[334  37]]

 [[ 79 320]]

 [[326 460]]

 [[529 125]]]
[[[334  36]]

 [[ 80 318]]

 [[326 458]]

 [[529 128]]]
[[[335  34]]

 [[ 80 317]]

 [[327 457]]

 [[531 125]]]
[[[335  33]]

 [[ 80 317]]

 [[324 457]]

 [[531 122]]]
[[[333  34]]

 [[ 79 317]]

 [[325 458]]

 [[529 126]]]
[[[336  34]]

 [[ 82 316]]

 [[331 457]]

 [[531 125]]]
[[[337  33]]

 [[ 83 317]]

 [[330 458]]

 [[534 125]]]
[[[336  35]]

 [[ 83 318]]

 [[328 458]]

 [[533 127]]]
[[[337  35]]

 [[ 85 317]]

 [[333 458]]

 [[534 127]]]
[[[340  35]]

 [[ 84 317]]

 [[328 459]]

 [[535 125]]]
[[[337  36]]

 [[ 81 319]]

 [[325 459]]

 [[532 128]]]
[[[338  36]]

 [[ 80 318]]

 [[325 458]]

 [[532 127]]]
[[[332  34]]

 [[ 75 317]]

 [[320 457]]

 [[528 126]]]
[[[330  34]]

 [[ 73 316]]

 [[318 456]]

 [[525 125]]]
[[[329  33]]

 [[ 71 318]]

 [[317 455]]

 [[524 124]]]
[[[328  32]]

 [[ 71 314]]

 [[319 454]]

 [[524 120]]]
[[[328  31]]

 [[ 70 313]]

 [[315 453]]

 [[523 122]]]
[[[327  31]]

 [[ 70 313]]

 [[319 454]]

 [[522 123]]]
[[[328  31]]

 [[ 71 313]]

 [[317 453]]

 [[523 123]]]
[[[327  30]]

 [[ 71 312]]

 [[317 452]]

 [[524 122]]]
[[[327  29]]

 [[ 72 311]]

 [[321 452]]

 [[525 121]]]
[[[331  29]]

 [[ 72 310]]

 [[321 452]]

 [[525 121]]]
[[[331  29]]

 [[ 73 310]]

 [[319 451]]

 [[526 121]]]
[[[333  28]]

 [[ 73 309]]

 [[320 450]]

 [[528 119]]]
[[[333  27]]

 [[ 74 309]]

 [[320 451]]

 [[528 119]]]
[[[330  27]]

 [[ 74 309]]

 [[320 451]]

 [[528 120]]]
[[[332  27]]

 [[ 75 309]]

 [[321 451]]

 [[529 118]]]
[[[332  27]]

 [[ 76 309]]

 [[325 452]]

 [[530 120]]]
[[[333  28]]

 [[ 76 310]]

 [[322 453]]

 [[530 121]]]
[[[333  29]]

 [[ 77 311]]

 [[323 454]]

 [[531 122]]]
[[[335  30]]

 [[ 78 311]]

 [[323 454]]

 [[531 124]]]
[[[334  30]]

 [[ 78 313]]

 [[327 454]]

 [[532 123]]]
